0
0
0
0
0
0
0
0
0
236
64396
0
0
64396
0
0
0
0
0
0
0
0
0
0
0
0
0
0
0
0
0
0
939011
6503
0
3941
0
0
3941
0
1690
1829
42
0
137028
9811
58414
57
1375
2338
6806
7063
2446
1707
1665
1511
1833
1432
2786
7919
5
4
5
6396
0
435
426
316
181
296
109
71
69
1310
284
62
369
540
286
122
241
113
157
231
93
67
720
32
702
0
10
1922
0
1922
0
50
0
9724
1211
4287
4539
21878
1406
1208
1801
9325
754
151
7033
5304
9838
8653
3420
1403
9390
10809
8318
8667
2613
92
406
331
728
0
0
0
0
0
0
0
0
0
30
3795
0
0
0
0
0
0
0
0
0
0
0
0
2425
30
0
0
30341
8
0
0
0
0
0
0
0
0
28072
0
0
0
0
0
0
0
0
0
0
2293
0
0
0
0
2
0
0
0
0
0
0
0
236
2
0
2289
0
0
0
0
7180
5326
8273
2316
5676
1688
517
952
4023
2
6760
1156
6213
12357
7513
10763
3894
4402
3476
1051
717
482
112
1840
432
34
0
0
0
1884
33
2377
385482
78665
214069
92121
142430
399107
50654
80926
321918
54111
154221
237410
137580
298875
545690
115598
209253
251600
280113
129461
9046
40851
17379
67834
44198
14334
2031
93224
93754
13147
29973
103609
Total:6360647
54596
23970
22430
23563
23407
22930
23735
24302
23014
23273
23716
22555
24818
24378
24581
24722
22803
24497
23809
23858
25075
25347
24596
23700
25605
24631
24469
24928
25908
25193
25173
25714
30124
23664
24849
25227
26191
24103
24223
24940
24403
24117
25676
25040
24982
25108
25988
25063
24637
26587
26315
25008
26895
26129
27061
25459
26200
25900
25229
24551
26127
24279
24943
25991
22837
24021
23012
23492
23519
25448
25722
25836
24226
26635
24521
24493
23832
25875
24971
25965
24077
25636
24301
24720
24917
26895
26047
25537
24686
25268
25929
25713
24825
24500
24537
24971
23282
23987
24935
25834
26321
25951
25016
25089
25267
26506
26253
25542
25493
26408
25928
25715
24595
26359
25853
24814
25024
25540
24714
24440
26330
24567
24889
23319
25153
24084
24936
26212
22939
22248
23557
24914
23159
23312
24806
24279
24133
24046
26778
25786
25854
25463
26568
26625
23112
25157
26367
25892
23508
25167
25461
24723
23838
24380
26005
25613
24942
23907
25276
25048
23422
23226
24983
26261
24240
24488
25337
25716
25302
24840
25642
26661
25242
27093
25007
25214
23151
24953
25547
25435
25766
26187
25659
25921
25349
24306
24923
24216
24468
24141
24338
25108
22551
24358
23312
26110
24689
27229
25848
27210
24542
26001
24300
26136
24138
25629
24204
24163
22988
25273
24880
26376
25236
25823
25738
24863
23646
25736
26368
26061
24933
24776
23929
24171
23727
25983
26807
27722
24433
24769
24801
23604
23061
25151
25261
25391
23919
25700
24071
22970
24786
27671
24266
24103
23794
25416
25044
23334
26908
24065
24387
24770
25827
25242
26195
25705
Total:6420730
172490
28629
23316
26164
24276
21798
22511
24027
21922
21050
23453
20802
25297
22218
22109
21862
20955
22431
22589
19887
24802
25789
22287
19410
24790
24399
23856
23463
25411
23813
23412
23563
65877
21251
22407
26433
28146
23005
21209
22275
22524
23508
27169
24730
24548
24795
24409
20964
22464
26060
26314
22914
25729
26524
24842
22834
24992
24575
24077
22669
25675
24120
23817
23302
22908
23186
21470
22199
20137
24868
26178
25316
26179
28594
25218
25017
21410
25226
22703
26109
24209
24992
26729
25355
26024
28527
26734
25070
24263
25155
26150
26326
24167
23808
22629
22399
22453
30177
26704
27738
26132
28019
24059
22672
23190
29971
27330
34437
27279
29470
27156
26018
24565
27120
25889
25883
23826
25226
24486
23166
25726
24005
23728
23068
22498
23221
22637
24324
24766
22739
24020
30843
21362
22837
24884
21139
21722
22074
28081
21300
26135
25279
27536
24743
23888
26548
28595
23481
21882
26230
26431
22546
21040
21917
26358
21180
22122
21258
24894
22863
21906
21173
21738
24081
25116
25875
24078
25719
25605
26013
25164
25550
23358
26553
23813
23121
20418
23811
23199
21621
24345
26672
25268
26682
25146
23802
21873
22094
21708
21563
20502
21199
21425
20768
19937
22457
23097
23818
25160
27185
23241
23453
22528
23778
21591
22418
20068
22148
19718
20560
25416
25326
26203
22962
23803
22593
20910
21024
25505
26504
24323
22051
22098
20787
21386
21847
24279
25693
23016
22443
22244
21711
18127
24091
23648
21831
20249
25321
22710
20774
24456
28089
25997
21052
21508
22319
22634
20618
22419
21053
21046
21434
22792
20569
22661
85643
Total:6364341
74741
27124
22398
26218
24582
21725
23573
26457
23749
22070
28482
20670
25720
26651
23910
23500
22130
23458
22302
20637
26429
24397
21670
20807
27482
26866
21935
23300
27494
24715
24460
24310
37896
21539
21911
26819
27247
21305
21662
24233
25211
23846
25822
24606
22903
23348
23173
29262
38327
28958
29170
26912
26459
28860
25819
24323
28424
28062
23428
24316
26893
26687
25307
25077
23855
23820
23536
23155
21533
24919
28296
25684
26090
28060
24131
23708
21890
23887
24313
26457
24988
26110
27530
25593
25394
26262
26220
24308
23975
23907
25694
25501
25003
22862
22217
20890
23215
26975
26091
29084
26846
36365
24901
25844
24867
29030
28390
24754
25298
28271
30095
28065
27136
27967
29439
29481
30192
24284
25736
24120
23926
26385
25971
24272
20966
23696
22827
23933
23924
22851
23736
23695
20660
22417
23526
21607
21389
20803
28031
21218
29369
23706
27923
25466
23860
25737
27067
24980
22455
25564
25107
23204
21758
22251
26476
22856
26540
22964
27566
24363
24135
22100
23412
24763
25137
25979
23606
26105
25186
25485
25263
25117
24500
27731
24542
22249
21489
24230
22920
22697
25169
26832
25079
26801
25348
25934
23079
24608
22778
23718
21140
21711
23215
24037
21362
22870
22212
24528
26602
27947
24487
24723
23882
24625
22496
25633
24227
26049
22131
21993
25963
25954
25941
24080
25838
23971
22318
22155
25796
26230
26215
24884
24312
21905
23030
21999
22849
27572
24742
25195
24886
26694
21030
25612
23636
25442
21980
26894
25193
23036
20521
22835
24691
25028
23948
25851
23879
24559
20258
24802
23398
23221
23309
22961
24180
22682
Total:6396383
1344069
106102
35841
37601
41598
35412
25183
26019
43222
15223
25968
14597
16064
18862
12076
47928
33146
68886
11920
12636
14490
27008
14110
13824
24303
20218
11114
12683
17368
39393
12035
13441
48957
13980
16367
44658
81909
15375
17028
21141
25903
21454
18158
20092
16681
14457
13899
12967
35519
13910
12584
37347
20329
17530
19740
12263
26286
18258
18055
19208
11740
10353
7731
11591
42308
48009
12157
18633
52038
39505
11561
11922
291211
37956
8085
14809
42886
28851
12763
10745
35553
8580
12330
13199
17964
19382
15207
22342
22050
7436
6570
12308
22673
13653
11058
17944
21689
15654
7974
12645
16104
54649
13592
10837
14252
14294
5678
6032
12958
9780
13249
14045
24116
6023
15577
12640
45642
26307
30987
7784
14209
7238
5468
5724
10007
7337
7788
10743
14588
9663
5035
49613
14093
35185
7035
8077
76534
61650
9907
201343
5947
64139
6118
5911
19302
4360
3874
6722
7664
4581
4421
4722
12714
5601
3818
3837
5934
4079
4167
4389
11555
6031
5854
8711
10025
6135
6409
7929
10891
6126
6307
7039
8108
6737
10882
8044
10735
7572
5286
6947
4925
5882
5407
7362
14835
31828
11421
9765
6614
7002
6590
5810
42393
14337
7465
19895
19620
6430
9835
18263
16381
11518
4914
18883
30194
4932
13412
16019
16476
5441
9436
14442
4716
6076
7594
10092
12534
6741
5248
7448
5963
3981
4126
5154
14123
4240
4143
6598
6538
3405
4963
6190
78073
15525
5653
17212
29579
9713
4722
10429
19221
7351
10974
8341
6017
4183
9754
7925
16213
11190
7249
7542
8302
6440
11891
314411
Total:6318376
68581
29749
20644
28542
21084
21470
20092
29069
20303
20045
21120
19062
23843
17894
23605
20940
17336
19843
23733
17189
24932
25501
21916
18922
28179
27742
19834
23160
31127
28174
25231
21621
25963
17172
21167
30878
35601
24045
20875
26372
25587
19630
25154
26525
26204
28071
24194
19398
18338
25668
26447
23384
23835
25113
23751
21221
29464
30208
24961
25786
28867
29124
23131
22836
29948
19447
21130
17391
17808
23757
28339
26999
29698
33510
22658
28405
18850
24670
24617
26829
27262
23964
25918
19450
24016
23758
26601
25820
22581
25901
24936
33018
27058
24770
24900
19867
18363
17643
21638
30533
26927
26332
21104
25299
21957
28959
25321
29087
23380
31750
28907
25987
24407
32570
31043
30139
24142
25072
25946
25908
24949
27243
27299
29013
20265
23815
21101
24205
29377
19488
22666
20257
19024
18708
21775
15934
16891
19987
29387
22484
32121
25253
36039
25784
23581
31351
36448
29610
20343
26206
31529
23913
15110
22179
29207
21914
28132
22594
32259
24017
25893
20724
20506
24711
27314
27148
22505
25827
25919
25665
22202
25634
22975
30208
27771
26318
17360
27050
26129
23233
26730
29459
30541
33461
27480
29840
24293
25686
23690
27411
21498
22252
19282
22895
16961
20975
19874
27603
29053
34602
25556
32736
23693
27376
18274
26149
26213
29528
18831
21199
28628
28963
28280
24516
26363
28025
21446
23492
31156
31263
30071
24793
26017
23528
23808
20353
25933
32737
31640
25402
23635
30186
18522
28819
26760
25210
22395
30589
26576
24160
20094
25747
26191
23860
23389
27089
26816
25313
21343
22207
22789
23007
22546
22333
23900
21410
Total:6416734
57050
23162
17420
29170
24745
21125
19424
28954
19519
18336
22719
17434
26395
19966
21876
23371
18343
20449
22509
16393
22961
27744
17489
15451
29831
28320
27874
18377
29524
29358
24021
28899
28905
18398
19125
33135
34197
25871
13650
25417
20211
22878
31179
23520
25812
25344
17825
17081
21110
24661
24579
20812
27324
27653
17282
17951
28876
27206
30532
21471
26187
31459
23549
28655
24354
23291
16710
23619
21362
24275
25929
32615
30464
31982
25262
28686
17870
25482
22743
28852
22976
27057
26536
27627
31987
36761
25792
25872
24539
26081
25321
26973
23602
24541
20363
19602
23485
16873
18142
30251
26960
24562
18153
23967
22598
28251
30401
22432
21197
28160
26287
20742
24746
28623
28614
21989
26264
29885
22403
20600
23482
22840
28492
25133
21100
25318
24987
23319
23042
23755
28382
19599
12728
19498
27226
15786
19679
20629
28002
15500
31184
26534
37217
29605
26572
31100
37402
22572
20238
27272
33734
19489
15426
17305
26741
16673
26521
21955
33405
22877
20945
21960
26581
25570
27947
28536
29545
26486
29537
31325
37213
28014
24892
27146
29999
23453
18923
23896
26516
21279
23269
25198
32130
28173
24288
23311
24863
21917
20086
22289
23278
20026
22369
24121
15448
19408
19345
19062
31861
34527
27400
28438
21941
24123
14445
18331
25852
27039
20186
24639
29479
28848
29399
28863
26124
27786
18535
21662
23403
33327
24468
22489
21846
23238
23449
18366
20447
36020
28489
22167
14901
28539
22291
30059
27518
31248
18980
28442
21025
25446
17017
27595
22542
21500
26821
28741
25054
25684
20998
21230
27278
25282
21297
26936
23338
23089
Total:6305476
84741
62058
67526
66875
61955
54965
51629
54719
62077
69505
74998
78304
78076
77832
79916
81306
80419
79555
80477
78857
72467
66366
60553
53985
48620
44581
43265
41967
41465
40118
39181
37764
36324
35139
34039
33412
32298
31754
31158
30991
30374
29628
29096
28653
28519
28613
31516
36891
42963
48756
51005
53335
57654
64078
69641
71961
71070
67804
66824
67015
65491
62411
58257
52555
49292
46965
44876
41590
38383
36347
34074
32740
31269
30691
29120
28153
27846
28421
28590
27044
26107
24858
24269
23747
23202
22632
21474
20999
20207
20173
19944
19819
18684
18243
18095
17956
18558
18639
18752
18669
18339
19613
20606
22268
23291
24739
26186
26801
29325
31122
31209
34407
40187
44127
46129
48021
51184
50823
46677
44987
45171
43608
39898
39498
38675
35112
32241
28607
24610
23511
23786
23594
23051
22575
21266
19807
17852
17009
16251
15706
15164
14462
14022
13733
13781
14145
14226
13807
13525
12980
12563
12025
11692
11562
11362
11001
10672
9719
9187
8665
8093
8186
8386
8365
8226
8035
8103
8283
8702
9228
9125
8140
7162
6806
6665
6490
6224
6322
6417
6611
7019
7662
8656
9403
10170
10973
11474
11750
11304
10965
10117
9179
8408
7318
6107
5469
5378
5323
5353
5349
5580
5929
5625
5029
4119
3554
3131
2873
2764
2643
2568
2595
2337
2284
2223
2138
2175
1925
2041
1904
1819
1732
1746
1658
1552
1556
1494
1396
1378
1312
1237
1192
1105
1086
1041
1007
977
908
879
866
809
805
699
715
774
741
729
676
744
693
729
725
821
814
811
1244
Total:6368790
3413223
1
0
0
0
1
1
0
0
0
1
0
0
0
0
0
0
0
0
0
0
0
0
0
1
0
0
0
0
0
0
0
0
0
0
0
0
0
0
0
1
0
0
0
0
0
0
0
0
0
0
0
0
0
1
0
0
0
0
0
0
0
0
0
1
0
1
0
0
0
0
0
0
0
0
0
0
1
0
0
0
0
0
0
0
0
0
0
0
0
0
0
0
0
0
0
0
0
2
0
0
0
0
0
0
0
0
0
0
0
0
0
0
0
1
0
0
0
1
0
0
0
0
0
0
0
0
0
0
0
0
0
0
0
0
0
0
0
0
0
0
0
0
0
0
0
0
0
0
0
0
0
0
0
0
0
0
0
0
0
0
0
0
0
0
0
0
0
0
0
0
0
0
0
0
0
0
0
2
0
0
0
0
0
0
0
0
0
0
0
0
0
0
0
0
0
0
0
0
0
0
0
0
0
0
0
0
0
0
0
0
0
0
0
0
0
0
0
0
0
0
0
0
0
0
0
0
0
0
0
0
0
0
0
0
0
0
0
0
0
0
0
0
0
0
0
0
0
0
0
0
0
0
0
0
3054975
Total:6468214
0
0
0
0
0
0
0
0
0
0
35108
0
0
35108
0
0
0
0
0
0
0
0
0
0
0
0
0
0
0
0
0
0
708820
0
117548
0
0
0
79
0
34724
34724
0
0
413825
94080
88773
0
234965
153311
97422
54536
34673
25455
39963
24846
27772
94788
13590
70216
0
30503
0
0
0
54973
40177
60166
32043
68506
108355
22395
9657
188451
202
595
40428
8558
54598
6956
136644
47467
5313
62504
2150
1513
1001
2300
813
0
8225
0
0
0
0
12
0
245858
28788
152285
165155
498532
38562
49596
36813
204428
42
5690
81799
95540
247017
126933
136939
12109
253137
213729
180261
88833
15886
3901
114304
28673
671
0
0
0
0
0
0
0
0
0
0
0
0
0
0
0
0
0
0
0
0
0
0
0
0
0
0
0
0
0
0
0
0
0
0
0
0
0
0
0
0
0
0
0
0
0
0
0
0
0
0
0
0
0
0
0
0
0
0
0
0
0
0
0
0
0
0
0
0
0
0
0
0
0
0
0
0
0
0
0
0
0
0
0
0
0
0
0
0
0
0
0
0
0
0
0
0
0
0
0
0
0
0
0
0
0
0
0
0
0
0
0
0
0
0
0
0
0
0
0
0
0
0
0
0
0
0
0
0
0
0
0
0
0
Total:6454312
